6192355000971755 
6192355000971751 
6192355000971752 
6192355000971753 
6192355000971754 
6192355000943917 
6192355000943918 
6192355000943916 
6192355000943920 
6192355000943921 
6192355000943919 
6192355000943923 
6192355000943924 
6192355000943922 
6192355000943926 
6192355000943927 
6192355000943925 
6192355000943929 
6192355000943928 
6192355000943931 
6192355000943932 
6192355000943930 
6192355000943934 
6192355000943935 
6192355000943933 
6192355001080452 
6192355000943874 
6192355000943878 
6192355000943873 
6192355000943876 
6192355000943877 
6192355000943875 
6192355000959751 
6192355000943880 
6192355000943883 
6192355000943879 
6192355000943882 
6192355000943884 
6192355000943881 
6192355001080453 
6192355000943908 
6192355000993162 
6192355000943907 
6192355000943911 
6192355000943912 
6192355000943910 
6192355000943914 
6192355000943915 
6192355000943913 
6192355000993161 
6192355000994259 
6192355000993160 
6192355000993164 
6192355000994255 
6192355000993163 
6192355000994252 
6192355000994258 
6192355000994251 
6192355000994254 
6192355000994253 
6192355000994257 
6192355000994256 
6192355001080458 
6192355000943937 
6192355000943936 
6192355000943939 
6192355000943938 
6192355001080454 
6192355000943852 
6192355000943853 
6192355000943851 
6192355000943855 
6192355000943854 
6192355000943857 
6192355000943856 
6192355000943859 
6192355000943860 
6192355000943858 
6192355000943862 
6192355000943863 
6192355000943861 
6192355001082251 
6192355000943886 
6192355000943887 
6192355000943885 
6192355000943889 
6192355000943890 
6192355000943888 
6192355000943892 
6192355000943899 
6192355000943891 
6192355000943894 
6192355000943895 
6192355000943893 
6192355000943897 
6192355000943898 
6192355000943896 
6192355000943901 
6192355000943902 
6192355000943903 
6192355000943900 
6192355000943905 
6192355000943906 
6192355000943904 
6192355001080457 
6192355000943865 
6192355000943866 
6192355000943864 
6192355000943868 
6192355000943869 
6192355000943867 
6192355000943871 
6192355000943872 
6192355000943870 
6192355001080455 
6192355001043252 
6192355001043253 
6192355001043251 
6192355001485751 
6192355000979451 
6192355001040460 
6192355001040461 
6192355001040462 
6192355001040463 
6192355001040464 
6192355001040465 
6192355001040466 
6192355001040471 
6192355001040467 
6192355001040468 
6192355001040469 
6192355001040472 
6192355001040473 
6192355001040474 
6192355001040475 
6192355001040476 
6192355001040477 
6192355001040478 
6192355001040522 
6192355001040523 
6192355001040524 
6192355001040485 
6192355001040486 
6192355001040487 
6192355001460251 
6192355001460252 
6192355001460253 
6192355001040494 
6192355001040495 
6192355001040496 
6192355001040497 
6192355001040498 
6192355001040499 
6192355001040500 
6192355001040501 
6192355001040502 
6192355001040503 
6192355001040504 
6192355001040505 
6192355001040506 
6192355001040507 
6192355001040508 
6192355001040512 
6192355001040513 
6192355001040514 
6192355001040509 
6192355001040510 
6192355001040511 
6192355001040528 
6192355001040529 
6192355001040530 
6192355001040531 
6192355001040532 
6192355001040533 
6192355001040479 
6192355001040480 
6192355001040481 
6192355001040488 
6192355001040489 
6192355001040490 
6192355000975351 
6192355001040540 
6192355001040541 
6192355001040542 
6192355001040543 
6192355001040544 
6192355001040545 
6192355001040546 
6192355001040547 
6192355001040548 
6192355001040534 
6192355001040535 
6192355001040536 
6192355001040491 
6192355001040492 
6192355001040493 
6192355001040519 
6192355001040520 
6192355001040521 
6192355001040549 
6192355001040550 
6192355001041351 
6192355001040482 
6192355001040483 
6192355001040484 
6192355001040537 
6192355001040538 
6192355001040539 
6192355001040525 
6192355001040526 
6192355001040527 
6192355001040452 
6192355001040453 
6192355001040454 
6192355001040455 
6192355001040456 
6192355001040457 
6192355001040458 
6192355001040459 
6192355001043151 
6192355001043152 
6192355001043153 
6192355001040515 
6192355001485351 
6192355001485352 
6192355001458079 
6192355001458080 
6192355001458081 
6192355001458082 
6192355001458083 
6192355001458084 
6192355001458085 
6192355001458086 
6192355001458087 
6192355001458088 
6192355001458089 
6192355001458090 
6192355001458091 
6192355001458092 
6192355001458093 
6192355001458094 
6192355001458095 
6192355001458096 
6192355001458097 
6192355001458098 
6192355001458099 
6192355001458100 
6192355001458101 
6192355001458102 
6192355001458104 
6192355001458105 
6192355001458106 
6192355001458103 
6192355001458107 
6192355001458108 
6192355001458109 
6192355001458110 
6192355001458111 
6192355001458112 
6192355001458113 
6192355001458114 
6192355001458115 
6192355001458116 
6192355001458117 
6192355001458118 
6192355001458119 
6192355001458120 
6192355001458121 
6192355001458122 
6192355001458123 
6192355001458124 
6192355001458125 
6192355001458126 
6192355001458127 
6192355001458128 
6192355001458129 
6192355001458130 
6192355001458131 
6192355001458132 
6192355001458133 
6192355001458134 
6192355001458135 
6192355001458136 
6192355001458137 
6192355001458138 
6192355001458139 
6192355001458140 
6192355001458141 
6192355001458142 
6192355001458143 
6192355001458144 
6192355001458145 
6192355001458146 
6192355001458147 
6192355001458148 
6192355001458149 
6192355001458150 
6192355001458251 
6192355001458252 
6192355001458253 
6192355001458254 
6192355001458255 
6192355001458256 
6192355001458257 
6192355001458258 
6192355001458259 
6192355001458260 
6192355001458261 
6192355001458262 
6192355001458263 
6192355001458264 
6192355001458265 
6192355001458266 
6192355001458267 
6192355001458268 
6192355001458269 
6192355001458270 
6192355001458271 
6192355001458272 
6192355001458273 
6192355001458274 
6192355001458275 
6192355001458276 
6192355001458277 
6192355001458278 
6192355001469051 
6192355001469052 
6192355001469053 
6192355001469054 
6192355001482551 
6192355001482552 
6192355001482553 
6192355001023651 
6192355001039953 
6192355001039954 
6192355001039951 
6192355001039952 
6192355001039955 
6192355001039956 
6192355001039959 
6192355001039960 
6192355001039961 
6192355001039957 
6192355001039958 
6192355001458076 
6192355000959752 
6192355001080451 
